4.0000	-1.7749e-05
4.2963	-1.7467e-05
4.5926	-1.7186e-05
4.8889	-1.6905e-05
5.1852	-1.6624e-05
5.4815	-1.6344e-05
5.7778	-1.6064e-05
6.0741	-1.5785e-05
6.3704	-1.5506e-05
6.6667	-1.5227e-05
6.9630	-1.4949e-05
7.2593	-1.4671e-05
7.5556	-1.4394e-05
7.8519	-1.4117e-05
8.1481	-1.3840e-05
8.4444	-1.3564e-05
8.7407	-1.3288e-05
9.0370	-1.3012e-05
9.3333	-1.2737e-05
9.6296	-1.2462e-05
9.9259	-1.2188e-05
10.2222	-1.1914e-05
10.5185	-1.1640e-05
10.8148	-1.1367e-05
11.1111	-1.1094e-05
11.4074	-1.0821e-05
11.7037	-1.0549e-05
12.0000	-1.0277e-05
12.2963	-1.0006e-05
12.5926	-9.7349e-06
12.8889	-9.4642e-06
13.1852	-9.1940e-06
13.4815	-8.9241e-06
13.7778	-8.6546e-06
14.0741	-8.3855e-06
14.3704	-8.1167e-06
14.6667	-7.8484e-06
14.9630	-7.5804e-06
15.2593	-7.3128e-06
15.5556	-7.0456e-06
15.8519	-6.7787e-06
16.1481	-6.5122e-06
16.4444	-6.2462e-06
16.7407	-5.9805e-06
17.0370	-5.7151e-06
17.3333	-5.4502e-06
17.6296	-5.1856e-06
17.9259	-4.9214e-06
18.2222	-4.6576e-06
18.5185	-4.3942e-06
18.8148	-4.1311e-06
19.1111	-3.8685e-06
19.4074	-3.6062e-06
19.7037	-3.3443e-06
20.0000	-3.0828e-06
20.2963	-2.8216e-06
20.5926	-2.5608e-06
20.8889	-2.3004e-06
21.1852	-2.0404e-06
21.4815	-1.7808e-06
21.7778	-1.5216e-06
22.0741	-1.2627e-06
22.3704	-1.0042e-06
22.6667	-7.4608e-07
22.9630	-4.8835e-07
23.2593	-2.3100e-07
23.5556	2.5969e-08
23.8519	2.8256e-07
24.1481	5.3877e-07
24.4444	7.9461e-07
24.7407	1.0501e-06
25.0370	1.3051e-06
25.3333	1.5598e-06
25.6296	1.8141e-06
25.9259	2.0681e-06
26.2222	2.3216e-06
26.5185	2.5748e-06
26.8148	2.8276e-06
27.1111	3.0800e-06
27.4074	3.3320e-06
27.7037	3.5837e-06
28.0000	3.8350e-06
28.2963	4.0859e-06
28.5926	4.3364e-06
28.8889	4.5865e-06
29.1852	4.8363e-06
29.4815	5.0857e-06
29.7778	5.3347e-06
30.0741	5.5833e-06
30.3704	5.8315e-06
30.6667	6.0794e-06
30.9630	6.3268e-06
31.2593	6.5739e-06
31.5556	6.8207e-06
31.8519	7.0670e-06
32.1481	7.3130e-06
32.4444	7.5585e-06
32.7407	7.8037e-06
33.0370	8.0486e-06
33.3333	8.2930e-06
33.6296	8.5371e-06
33.9259	8.7807e-06
34.2222	9.0240e-06
34.5185	9.2670e-06
34.8148	9.5095e-06
35.1111	9.7517e-06
35.4074	9.9934e-06
35.7037	1.0235e-05
36.0000	1.0476e-05
36.2963	1.0717e-05
36.5926	1.0957e-05
36.8889	1.1197e-05
37.1852	1.1436e-05
37.4815	1.1675e-05
37.7778	1.1914e-05
38.0741	1.2152e-05
38.3704	1.2390e-05
38.6667	1.2628e-05
38.9630	1.2865e-05
39.2593	1.3102e-05
39.5556	1.3339e-05
39.8519	1.3575e-05
40.1481	1.3810e-05
40.4444	1.4046e-05
40.7407	1.4281e-05
41.0370	1.4515e-05
41.3333	1.4749e-05
41.6296	1.4983e-05
41.9259	1.5217e-05
42.2222	1.5450e-05
42.5185	1.5682e-05
42.8148	1.5915e-05
43.1111	1.6146e-05
43.4074	1.6378e-05
43.7037	1.6609e-05
44.0000	1.6840e-05
44.2963	1.7070e-05
44.5926	1.7300e-05
44.8889	1.7530e-05
45.1852	1.7759e-05
45.4815	1.7988e-05
45.7778	1.8217e-05
46.0741	1.8445e-05
46.3704	1.8672e-05
46.6667	1.8900e-05
46.9630	1.9127e-05
47.2593	1.9353e-05
47.5556	1.9580e-05
47.8519	1.9805e-05
48.1481	2.0031e-05
48.4444	2.0256e-05
48.7407	2.0481e-05
49.0370	2.0705e-05
49.3333	2.0929e-05
49.6296	2.1152e-05
49.9259	2.1376e-05
50.2222	2.1598e-05
50.5185	2.1821e-05
50.8148	2.2043e-05
51.1111	2.2264e-05
51.4074	2.2486e-05
51.7037	2.2707e-05
52.0000	2.2927e-05
52.2963	2.3147e-05
52.5926	2.3367e-05
52.8889	2.3586e-05
53.1852	2.3805e-05
53.4815	2.4024e-05
53.7778	2.4242e-05
54.0741	2.4460e-05
54.3704	2.4678e-05
54.6667	2.4895e-05
54.9630	2.5111e-05
55.2593	2.5328e-05
55.5556	2.5544e-05
55.8519	2.5759e-05
56.1481	2.5975e-05
56.4444	2.6189e-05
56.7407	2.6404e-05
57.0370	2.6618e-05
57.3333	2.6832e-05
57.6296	2.7045e-05
57.9259	2.7258e-05
58.2222	2.7470e-05
58.5185	2.7682e-05
58.8148	2.7894e-05
59.1111	2.8106e-05
59.4074	2.8317e-05
59.7037	2.8527e-05
60.0000	2.8738e-05
60.2963	2.8947e-05
60.5926	2.9157e-05
60.8889	2.9366e-05
61.1852	2.9575e-05
61.4815	2.9783e-05
61.7778	2.9991e-05
62.0741	3.0199e-05
62.3704	3.0406e-05
62.6667	3.0613e-05
62.9630	3.0819e-05
63.2593	3.1025e-05
63.5556	3.1231e-05
63.8519	3.1436e-05
64.1481	3.1641e-05
64.4444	3.1846e-05
64.7407	3.2050e-05
65.0370	3.2254e-05
65.3333	3.2457e-05
65.6296	3.2660e-05
65.9259	3.2863e-05
66.2222	3.3065e-05
66.5185	3.3267e-05
66.8148	3.3469e-05
67.1111	3.3670e-05
67.4074	3.3871e-05
67.7037	3.4071e-05
68.0000	3.4271e-05
68.2963	3.4471e-05
68.5926	3.4670e-05
68.8889	3.4869e-05
69.1852	3.5067e-05
69.4815	3.5265e-05
69.7778	3.5463e-05
70.0741	3.5661e-05
70.3704	3.5858e-05
70.6667	3.6054e-05
70.9630	3.6250e-05
71.2593	3.6446e-05
71.5556	3.6642e-05
71.8519	3.6837e-05
72.1481	3.7031e-05
72.4444	3.7226e-05
72.7407	3.7420e-05
73.0370	3.7613e-05
73.3333	3.7806e-05
73.6296	3.7999e-05
73.9259	3.8192e-05
74.2222	3.8384e-05
74.5185	3.8575e-05
74.8148	3.8767e-05
75.1111	3.8957e-05
75.4074	3.9148e-05
75.7037	3.9338e-05
76.0000	3.9528e-05
76.2963	3.9717e-05
76.5926	3.9906e-05
76.8889	4.0095e-05
77.1852	4.0283e-05
77.4815	4.0471e-05
77.7778	4.0658e-05
78.0741	4.0845e-05
78.3704	4.1032e-05
78.6667	4.1219e-05
78.9630	4.1405e-05
79.2593	4.1590e-05
79.5556	4.1775e-05
79.8519	4.1960e-05
80.1481	4.2145e-05
80.4444	4.2329e-05
80.7407	4.2512e-05
81.0370	4.2696e-05
81.3333	4.2879e-05
81.6296	4.3061e-05
81.9259	4.3243e-05
82.2222	4.3425e-05
82.5185	4.3606e-05
82.8148	4.3787e-05
83.1111	4.3968e-05
83.4074	4.4148e-05
83.7037	4.4328e-05
84.0000	4.4508e-05
84.2963	4.4687e-05
84.5926	4.4866e-05
84.8889	4.5044e-05
85.1852	4.5222e-05
85.4815	4.5400e-05
85.7778	4.5577e-05
86.0741	4.5754e-05
86.3704	4.5930e-05
86.6667	4.6106e-05
86.9630	4.6282e-05
87.2593	4.6457e-05
87.5556	4.6632e-05
87.8519	4.6807e-05
88.1481	4.6981e-05
88.4444	4.7155e-05
88.7407	4.7328e-05
89.0370	4.7501e-05
89.3333	4.7674e-05
89.6296	4.7846e-05
89.9259	4.8018e-05
90.2222	4.8190e-05
90.5185	4.8361e-05
90.8148	4.8531e-05
91.1111	4.8702e-05
91.4074	4.8872e-05
91.7037	4.9042e-05
92.0000	4.9211e-05
92.2963	4.9380e-05
92.5926	4.9548e-05
92.8889	4.9716e-05
93.1852	4.9884e-05
93.4815	5.0051e-05
93.7778	5.0218e-05
94.0741	5.0385e-05
94.3704	5.0551e-05
94.6667	5.0717e-05
94.9630	5.0882e-05
95.2593	5.1047e-05
95.5556	5.1212e-05
95.8519	5.1376e-05
96.1481	5.1540e-05
96.4444	5.1704e-05
96.7407	5.1867e-05
97.0370	5.2030e-05
97.3333	5.2192e-05
97.6296	5.2354e-05
97.9259	5.2516e-05
98.2222	5.2677e-05
98.5185	5.2838e-05
98.8148	5.2999e-05
99.1111	5.3159e-05
99.4074	5.3319e-05
99.7037	5.3478e-05
100.0000	5.3637e-05
100.2963	5.3796e-05
100.5926	5.3954e-05
100.8889	5.4112e-05
101.1852	5.4269e-05
101.4815	5.4426e-05
101.7778	5.4583e-05
102.0741	5.4739e-05
102.3704	5.4895e-05
102.6667	5.5051e-05
102.9630	5.5206e-05
103.2593	5.5361e-05
103.5556	5.5515e-05
103.8519	5.5669e-05
104.1481	5.5823e-05
104.4444	5.5976e-05
104.7407	5.6129e-05
105.0370	5.6282e-05
105.3333	5.6434e-05
105.6296	5.6586e-05
105.9259	5.6737e-05
106.2222	5.6888e-05
106.5185	5.7039e-05
106.8148	5.7189e-05
107.1111	5.7339e-05
107.4074	5.7489e-05
107.7037	5.7638e-05
108.0000	5.7786e-05
108.2963	5.7935e-05
108.5926	5.8083e-05
108.8889	5.8230e-05
109.1852	5.8378e-05
109.4815	5.8524e-05
109.7778	5.8671e-05
110.0741	5.8817e-05
110.3704	5.8963e-05
110.6667	5.9108e-05
110.9630	5.9253e-05
111.2593	5.9398e-05
111.5556	5.9542e-05
111.8519	5.9686e-05
112.1481	5.9829e-05
112.4444	5.9972e-05
112.7407	6.0115e-05
113.0370	6.0257e-05
113.3333	6.0399e-05
113.6296	6.0540e-05
113.9259	6.0682e-05
114.2222	6.0822e-05
114.5185	6.0963e-05
114.8148	6.1103e-05
115.1111	6.1242e-05
115.4074	6.1382e-05
115.7037	6.1520e-05
116.0000	6.1659e-05
116.2963	6.1797e-05
116.5926	6.1935e-05
116.8889	6.2072e-05
117.1852	6.2209e-05
117.4815	6.2346e-05
117.7778	6.2482e-05
118.0741	6.2618e-05
118.3704	6.2753e-05
118.6667	6.2888e-05
118.9630	6.3023e-05
119.2593	6.3157e-05
119.5556	6.3291e-05
119.8519	6.3425e-05
120.1481	6.3558e-05
120.4444	6.3691e-05
120.7407	6.3823e-05
121.0370	6.3955e-05
121.3333	6.4087e-05
121.6296	6.4218e-05
121.9259	6.4349e-05
122.2222	6.4480e-05
122.5185	6.4610e-05
122.8148	6.4739e-05
123.1111	6.4869e-05
123.4074	6.4998e-05
123.7037	6.5126e-05
124.0000	6.5255e-05
124.2963	6.5383e-05
124.5926	6.5510e-05
124.8889	6.5637e-05
125.1852	6.5764e-05
125.4815	6.5890e-05
125.7778	6.6016e-05
126.0741	6.6142e-05
126.3704	6.6267e-05
126.6667	6.6392e-05
126.9630	6.6516e-05
127.2593	6.6640e-05
127.5556	6.6764e-05
127.8519	6.6887e-05
128.1481	6.7010e-05
128.4444	6.7133e-05
128.7407	6.7255e-05
129.0370	6.7377e-05
129.3333	6.7498e-05
129.6296	6.7619e-05
129.9259	6.7740e-05
130.2222	6.7860e-05
130.5185	6.7980e-05
130.8148	6.8099e-05
131.1111	6.8218e-05
131.4074	6.8337e-05
131.7037	6.8456e-05
132.0000	6.8574e-05
132.2963	6.8691e-05
132.5926	6.8808e-05
132.8889	6.8925e-05
133.1852	6.9042e-05
133.4815	6.9158e-05
133.7778	6.9273e-05
134.0741	6.9389e-05
134.3704	6.9504e-05
134.6667	6.9618e-05
134.9630	6.9733e-05
135.2593	6.9846e-05
135.5556	6.9960e-05
135.8519	7.0073e-05
136.1481	7.0185e-05
136.4444	7.0298e-05
136.7407	7.0410e-05
137.0370	7.0521e-05
137.3333	7.0632e-05
137.6296	7.0743e-05
137.9259	7.0854e-05
138.2222	7.0964e-05
138.5185	7.1073e-05
138.8148	7.1182e-05
139.1111	7.1291e-05
139.4074	7.1400e-05
139.7037	7.1508e-05
140.0000	7.1616e-05
140.2963	7.1723e-05
140.5926	7.1830e-05
140.8889	7.1937e-05
141.1852	7.2043e-05
141.4815	7.2149e-05
141.7778	7.2254e-05
142.0741	7.2359e-05
142.3704	7.2464e-05
142.6667	7.2568e-05
142.9630	7.2672e-05
143.2593	7.2776e-05
143.5556	7.2879e-05
143.8519	7.2982e-05
144.1481	7.3084e-05
144.4444	7.3186e-05
144.7407	7.3288e-05
145.0370	7.3389e-05
145.3333	7.3490e-05
145.6296	7.3590e-05
145.9259	7.3690e-05
146.2222	7.3790e-05
146.5185	7.3890e-05
146.8148	7.3989e-05
147.1111	7.4087e-05
147.4074	7.4185e-05
147.7037	7.4283e-05
148.0000	7.4381e-05
148.2963	7.4478e-05
148.5926	7.4575e-05
148.8889	7.4671e-05
149.1852	7.4767e-05
149.4815	7.4863e-05
149.7778	7.4958e-05
150.0741	7.5053e-05
150.3704	7.5147e-05
150.6667	7.5241e-05
150.9630	7.5335e-05
151.2593	7.5428e-05
151.5556	7.5521e-05
151.8519	7.5613e-05
152.1481	7.5706e-05
152.4444	7.5797e-05
152.7407	7.5889e-05
153.0370	7.5980e-05
153.3333	7.6071e-05
153.6296	7.6161e-05
153.9259	7.6251e-05
154.2222	7.6340e-05
154.5185	7.6429e-05
154.8148	7.6518e-05
155.1111	7.6606e-05
155.4074	7.6694e-05
155.7037	7.6782e-05
156.0000	7.6869e-05
156.2963	7.6956e-05
156.5926	7.7043e-05
156.8889	7.7129e-05
157.1852	7.7214e-05
157.4815	7.7300e-05
157.7778	7.7385e-05
158.0741	7.7469e-05
158.3704	7.7553e-05
158.6667	7.7637e-05
158.9630	7.7721e-05
159.2593	7.7804e-05
159.5556	7.7886e-05
159.8519	7.7969e-05
160.1481	7.8051e-05
160.4444	7.8132e-05
160.7407	7.8213e-05
161.0370	7.8294e-05
161.3333	7.8374e-05
161.6296	7.8454e-05
161.9259	7.8534e-05
162.2222	7.8613e-05
162.5185	7.8692e-05
162.8148	7.8771e-05
163.1111	7.8849e-05
163.4074	7.8926e-05
163.7037	7.9004e-05
164.0000	7.9081e-05
164.2963	7.9157e-05
164.5926	7.9234e-05
164.8889	7.9309e-05
165.1852	7.9385e-05
165.4815	7.9460e-05
165.7778	7.9535e-05
166.0741	7.9609e-05
166.3704	7.9683e-05
166.6667	7.9756e-05
166.9630	7.9830e-05
167.2593	7.9902e-05
167.5556	7.9975e-05
167.8519	8.0047e-05
168.1481	8.0119e-05
168.4444	8.0190e-05
168.7407	8.0261e-05
169.0370	8.0331e-05
169.3333	8.0401e-05
169.6296	8.0471e-05
169.9259	8.0540e-05
170.2222	8.0609e-05
170.5185	8.0678e-05
170.8148	8.0746e-05
171.1111	8.0814e-05
171.4074	8.0882e-05
171.7037	8.0949e-05
172.0000	8.1015e-05
172.2963	8.1082e-05
172.5926	8.1148e-05
172.8889	8.1213e-05
173.1852	8.1279e-05
173.4815	8.1343e-05
173.7778	8.1408e-05
174.0741	8.1472e-05
174.3704	8.1536e-05
174.6667	8.1599e-05
174.9630	8.1662e-05
175.2593	8.1724e-05
175.5556	8.1787e-05
175.8519	8.1848e-05
176.1481	8.1910e-05
176.4444	8.1971e-05
176.7407	8.2031e-05
177.0370	8.2092e-05
177.3333	8.2152e-05
177.6296	8.2211e-05
177.9259	8.2270e-05
178.2222	8.2329e-05
178.5185	8.2387e-05
178.8148	8.2445e-05
179.1111	8.2503e-05
179.4074	8.2560e-05
179.7037	8.2617e-05
180.0000	8.2673e-05
180.2963	8.2729e-05
180.5926	8.2785e-05
180.8889	8.2840e-05
181.1852	8.2895e-05
181.4815	8.2950e-05
181.7778	8.3004e-05
182.0741	8.3058e-05
182.3704	8.3111e-05
182.6667	8.3164e-05
182.9630	8.3217e-05
183.2593	8.3269e-05
183.5556	8.3321e-05
183.8519	8.3373e-05
184.1481	8.3424e-05
184.4444	8.3475e-05
184.7407	8.3525e-05
185.0370	8.3575e-05
185.3333	8.3625e-05
185.6296	8.3674e-05
185.9259	8.3723e-05
186.2222	8.3771e-05
186.5185	8.3820e-05
186.8148	8.3867e-05
187.1111	8.3915e-05
187.4074	8.3962e-05
187.7037	8.4008e-05
188.0000	8.4054e-05
188.2963	8.4100e-05
188.5926	8.4146e-05
188.8889	8.4191e-05
189.1852	8.4235e-05
189.4815	8.4280e-05
189.7778	8.4324e-05
190.0741	8.4367e-05
190.3704	8.4410e-05
190.6667	8.4453e-05
190.9630	8.4496e-05
191.2593	8.4538e-05
191.5556	8.4579e-05
191.8519	8.4621e-05
192.1481	8.4662e-05
192.4444	8.4702e-05
192.7407	8.4742e-05
193.0370	8.4782e-05
193.3333	8.4821e-05
193.6296	8.4860e-05
193.9259	8.4899e-05
194.2222	8.4937e-05
194.5185	8.4975e-05
194.8148	8.5013e-05
195.1111	8.5050e-05
195.4074	8.5086e-05
195.7037	8.5123e-05
196.0000	8.5159e-05
196.2963	8.5194e-05
196.5926	8.5229e-05
196.8889	8.5264e-05
197.1852	8.5299e-05
197.4815	8.5333e-05
197.7778	8.5366e-05
198.0741	8.5400e-05
198.3704	8.5433e-05
198.6667	8.5465e-05
198.9630	8.5497e-05
199.2593	8.5529e-05
199.5556	8.5561e-05
199.8519	8.5592e-05
200.1481	8.5622e-05
200.4444	8.5652e-05
200.7407	8.5682e-05
201.0370	8.5712e-05
201.3333	8.5741e-05
201.6296	8.5770e-05
201.9259	8.5798e-05
202.2222	8.5826e-05
202.5185	8.5854e-05
202.8148	8.5881e-05
203.1111	8.5908e-05
203.4074	8.5934e-05
203.7037	8.5960e-05
204.0000	8.5986e-05
204.2963	8.6011e-05
204.5926	8.6036e-05
204.8889	8.6061e-05
205.1852	8.6085e-05
205.4815	8.6109e-05
205.7778	8.6132e-05
206.0741	8.6155e-05
206.3704	8.6178e-05
206.6667	8.6200e-05
206.9630	8.6222e-05
207.2593	8.6244e-05
207.5556	8.6265e-05
207.8519	8.6286e-05
208.1481	8.6306e-05
208.4444	8.6326e-05
208.7407	8.6346e-05
209.0370	8.6365e-05
209.3333	8.6384e-05
209.6296	8.6402e-05
209.9259	8.6420e-05
210.2222	8.6438e-05
210.5185	8.6456e-05
210.8148	8.6472e-05
211.1111	8.6489e-05
211.4074	8.6505e-05
211.7037	8.6521e-05
212.0000	8.6537e-05
212.2963	8.6552e-05
212.5926	8.6566e-05
212.8889	8.6581e-05
213.1852	8.6595e-05
213.4815	8.6608e-05
213.7778	8.6621e-05
214.0741	8.6634e-05
214.3704	8.6647e-05
214.6667	8.6659e-05
214.9630	8.6670e-05
215.2593	8.6682e-05
215.5556	8.6692e-05
215.8519	8.6703e-05
216.1481	8.6713e-05
216.4444	8.6723e-05
216.7407	8.6732e-05
217.0370	8.6741e-05
217.3333	8.6750e-05
217.6296	8.6758e-05
217.9259	8.6766e-05
218.2222	8.6773e-05
218.5185	8.6781e-05
218.8148	8.6787e-05
219.1111	8.6794e-05
219.4074	8.6800e-05
219.7037	8.6805e-05
220.0000	8.6810e-05
220.2963	8.6815e-05
220.5926	8.6820e-05
220.8889	8.6824e-05
221.1852	8.6827e-05
221.4815	8.6831e-05
221.7778	8.6834e-05
222.0741	8.6836e-05
222.3704	8.6838e-05
222.6667	8.6840e-05
222.9630	8.6841e-05
223.2593	8.6842e-05
223.5556	8.6843e-05
223.8519	8.6843e-05
224.1481	8.6843e-05
224.4444	8.6843e-05
224.7407	8.6842e-05
225.0370	8.6841e-05
225.3333	8.6839e-05
225.6296	8.6837e-05
225.9259	8.6835e-05
226.2222	8.6832e-05
226.5185	8.6829e-05
226.8148	8.6825e-05
227.1111	8.6821e-05
227.4074	8.6817e-05
227.7037	8.6812e-05
228.0000	8.6807e-05
228.2963	8.6802e-05
228.5926	8.6796e-05
228.8889	8.6790e-05
229.1852	8.6783e-05
229.4815	8.6776e-05
229.7778	8.6769e-05
230.0741	8.6761e-05
230.3704	8.6753e-05
230.6667	8.6745e-05
230.9630	8.6736e-05
231.2593	8.6727e-05
231.5556	8.6717e-05
231.8519	8.6707e-05
232.1481	8.6697e-05
232.4444	8.6686e-05
232.7407	8.6675e-05
233.0370	8.6663e-05
233.3333	8.6651e-05
233.6296	8.6639e-05
233.9259	8.6626e-05
234.2222	8.6613e-05
234.5185	8.6600e-05
234.8148	8.6586e-05
235.1111	8.6572e-05
235.4074	8.6557e-05
235.7037	8.6543e-05
236.0000	8.6527e-05
236.2963	8.6512e-05
236.5926	8.6495e-05
236.8889	8.6479e-05
237.1852	8.6462e-05
237.4815	8.6445e-05
237.7778	8.6427e-05
238.0741	8.6409e-05
238.3704	8.6391e-05
238.6667	8.6372e-05
238.9630	8.6353e-05
239.2593	8.6334e-05
239.5556	8.6314e-05
239.8519	8.6294e-05
240.1481	8.6273e-05
240.4444	8.6252e-05
240.7407	8.6231e-05
241.0370	8.6209e-05
241.3333	8.6187e-05
241.6296	8.6164e-05
241.9259	8.6141e-05
242.2222	8.6118e-05
242.5185	8.6094e-05
242.8148	8.6070e-05
243.1111	8.6046e-05
243.4074	8.6021e-05
243.7037	8.5996e-05
244.0000	8.5970e-05
244.2963	8.5945e-05
244.5926	8.5918e-05
244.8889	8.5892e-05
245.1852	8.5864e-05
245.4815	8.5837e-05
245.7778	8.5809e-05
246.0741	8.5781e-05
246.3704	8.5752e-05
246.6667	8.5723e-05
246.9630	8.5694e-05
247.2593	8.5664e-05
247.5556	8.5634e-05
247.8519	8.5604e-05
248.1481	8.5573e-05
248.4444	8.5542e-05
248.7407	8.5510e-05
249.0370	8.5478e-05
249.3333	8.5445e-05
249.6296	8.5413e-05
249.9259	8.5380e-05
250.2222	8.5346e-05
250.5185	8.5312e-05
250.8148	8.5278e-05
251.1111	8.5243e-05
251.4074	8.5208e-05
251.7037	8.5173e-05
252.0000	8.5137e-05
252.2963	8.5101e-05
252.5926	8.5064e-05
252.8889	8.5027e-05
253.1852	8.4990e-05
253.4815	8.4952e-05
253.7778	8.4914e-05
254.0741	8.4876e-05
254.3704	8.4837e-05
254.6667	8.4797e-05
254.9630	8.4758e-05
255.2593	8.4718e-05
255.5556	8.4677e-05
255.8519	8.4637e-05
256.1481	8.4596e-05
256.4444	8.4554e-05
256.7407	8.4512e-05
257.0370	8.4470e-05
257.3333	8.4427e-05
257.6296	8.4384e-05
257.9259	8.4341e-05
258.2222	8.4297e-05
258.5185	8.4253e-05
258.8148	8.4208e-05
259.1111	8.4163e-05
259.4074	8.4118e-05
259.7037	8.4072e-05
260.0000	8.4026e-05
260.2963	8.3980e-05
260.5926	8.3933e-05
260.8889	8.3886e-05
261.1852	8.3838e-05
261.4815	8.3790e-05
261.7778	8.3742e-05
262.0741	8.3693e-05
262.3704	8.3644e-05
262.6667	8.3595e-05
262.9630	8.3545e-05
263.2593	8.3495e-05
263.5556	8.3444e-05
263.8519	8.3393e-05
264.1481	8.3342e-05
264.4444	8.3290e-05
264.7407	8.3238e-05
265.0370	8.3185e-05
265.3333	8.3132e-05
265.6296	8.3079e-05
265.9259	8.3025e-05
266.2222	8.2971e-05
266.5185	8.2917e-05
266.8148	8.2862e-05
267.1111	8.2807e-05
267.4074	8.2751e-05
267.7037	8.2695e-05
268.0000	8.2639e-05
268.2963	8.2582e-05
268.5926	8.2525e-05
268.8889	8.2468e-05
269.1852	8.2410e-05
269.4815	8.2352e-05
269.7778	8.2293e-05
270.0741	8.2234e-05
270.3704	8.2175e-05
270.6667	8.2115e-05
270.9630	8.2055e-05
271.2593	8.1995e-05
271.5556	8.1934e-05
271.8519	8.1872e-05
272.1481	8.1811e-05
272.4444	8.1749e-05
272.7407	8.1686e-05
273.0370	8.1624e-05
273.3333	8.1560e-05
273.6296	8.1497e-05
273.9259	8.1433e-05
274.2222	8.1369e-05
274.5185	8.1304e-05
274.8148	8.1239e-05
275.1111	8.1174e-05
275.4074	8.1108e-05
275.7037	8.1042e-05
276.0000	8.0975e-05
276.2963	8.0908e-05
276.5926	8.0841e-05
276.8889	8.0773e-05
277.1852	8.0705e-05
277.4815	8.0636e-05
277.7778	8.0568e-05
278.0741	8.0498e-05
278.3704	8.0429e-05
278.6667	8.0359e-05
278.9630	8.0288e-05
279.2593	8.0218e-05
279.5556	8.0147e-05
279.8519	8.0075e-05
280.1481	8.0003e-05
280.4444	7.9931e-05
280.7407	7.9858e-05
281.0370	7.9785e-05
281.3333	7.9712e-05
281.6296	7.9638e-05
281.9259	7.9564e-05
282.2222	7.9489e-05
282.5185	7.9414e-05
282.8148	7.9339e-05
283.1111	7.9263e-05
283.4074	7.9187e-05
283.7037	7.9111e-05
284.0000	7.9034e-05
284.2963	7.8957e-05
284.5926	7.8879e-05
284.8889	7.8801e-05
285.1852	7.8723e-05
285.4815	7.8644e-05
285.7778	7.8565e-05
286.0741	7.8486e-05
286.3704	7.8406e-05
286.6667	7.8326e-05
286.9630	7.8245e-05
287.2593	7.8164e-05
287.5556	7.8083e-05
287.8519	7.8001e-05
288.1481	7.7919e-05
288.4444	7.7836e-05
288.7407	7.7753e-05
289.0370	7.7670e-05
289.3333	7.7586e-05
289.6296	7.7502e-05
289.9259	7.7418e-05
290.2222	7.7333e-05
290.5185	7.7248e-05
290.8148	7.7162e-05
291.1111	7.7076e-05
291.4074	7.6990e-05
291.7037	7.6903e-05
292.0000	7.6816e-05
292.2963	7.6729e-05
292.5926	7.6641e-05
292.8889	7.6553e-05
293.1852	7.6464e-05
293.4815	7.6375e-05
293.7778	7.6286e-05
294.0741	7.6196e-05
294.3704	7.6106e-05
294.6667	7.6015e-05
294.9630	7.5925e-05
295.2593	7.5833e-05
295.5556	7.5742e-05
295.8519	7.5650e-05
296.1481	7.5557e-05
296.4444	7.5465e-05
296.7407	7.5371e-05
297.0370	7.5278e-05
297.3333	7.5184e-05
297.6296	7.5090e-05
297.9259	7.4995e-05
298.2222	7.4900e-05
298.5185	7.4804e-05
298.8148	7.4709e-05
299.1111	7.4612e-05
299.4074	7.4516e-05
299.7037	7.4419e-05
