15.979692934996109 1.8562965418884744e-7
31.96941053835434 7.054980582216463e-7
42.074918774165695 0.0000015972476439024872
55.48352996641998 0.000004062153371642239
48.79991335724736 0.000002426072164947026
52.82889669912345 0.000003040684458187337
62.642205805455546 0.000005232078077013333
68.00209314473094 0.000006287437751773784
73.36595760568156 0.00000726520643406492
80.28326306656788 0.000008114430665172026
84.09257293351374 0.000009242469276538609
89.45946000693755 0.000010161268804553072
96.86819882326836 0.000011146995460692726
107.381654738529 0.00001258849240701562
115.98654341099467 0.0000137099524489337
125.05658074696811 0.000014810088313992721
136.99611818954364 0.000015757589685237582
145.52714872439827 0.00001655958627975871
155.8517462040823 0.000017578016960554465
170.24031617293656 0.000018528444996978654
187.1058688916866 0.000019565218924094934
179.24177732557126 0.00001895458622617327
204.21077104261462 0.000020333411179280694
215.46024264860267 0.00002091202897293413
233.24554029919875 0.000021609057177320552
253.06615527605044 0.00002220709687685148
272.8889395919977 0.0000227628142168537
292.71571549188087 0.00002324065841532308
312.5379791664452 0.00002380653312161219
332.3743580073914 0.000024097030341901134
352.2033755576733 0.00002453114143552418
372.0344219565189 0.000024925671046235614
392.6253699348904 0.000025164914720033684
411.7080721664964 0.000025489252858893118
431.5442774603151 0.000025783135867944364
451.38042490509105 0.000026078147473249707
471.21518397284586 0.000026400245388653426
491.8085802053395 0.000026591725256697665
510.89355301186555 0.000026871765992583714
530.727097249727 0.000027217564429323515
550.566715637056 0.000027444860259382914
570.4039043645978 0.000027719557132114474
590.9950039901023 0.000027955842271446445
610.0823746394419 0.000028189102692600087
629.9160490376491 0.000028532361787768164
649.7537005575314 0.00002879802989046693
669.5893273609245 0.000029103198862059167
690.1813005069714 0.00002932244219795424
709.2641907479658 0.000029643112398987857
729.1003729021672 0.000029937446846540738
748.9368674411987 0.00003022568687432149
768.7737090744852 0.00003050715532457764
788.6112448962824 0.00003077508061978461
807.6988932210265 0.00003100292377891858
828.2833662387068 0.00003136848961915759
848.1152907033768 0.00003174588875101216
867.9554875811314 0.00003196189861853057
887.7965232700028 0.000032161543840364546
907.1814216687535 0.00003245819113377563
927.4632357269488 0.00003286047658949579
947.2990360774695 0.000033162259772325726
967.1348364279902 0.00003346404295515566
986.9711574198939 0.0000337556687716987
997.78887052748 0.00003395567466302996
