2.31040628487888 -0.01649635785924275
4.829864768207756 -0.051226508339490495
7.347923183940395 -0.10594262375615049
9.444782316507634 -0.17327850635876318
10.595122066244336 -0.25217857886752704
11.747082946881918 -0.3079370077657083
13.21317478345621 -0.37947604066778806
15.309444413877664 -0.455227066401522
18.03662871582852 -0.5246711560530081
22.12991055287442 -0.5930729322229734
25.804351115338058 -0.6404339030544074
31.477277639790614 -0.6594077664942702
38.83293803939446 -0.6573555621492463
48.081342453586544 -0.6363825495574805
43.667150385927414 -0.6489743153915081
35.04995539433763 -0.6594328203354661
28.32520966626319 -0.6551780885982427
19.505225936522415 -0.5604458306478238
16.778189010108 -0.48889795521355695
14.26116222313049 -0.4194553393174353
12.374755356609498 -0.3479133589046265
51.23473680694197 -0.6216781554084857
55.22861384465439 -0.6090834420637293
59.2230803845126 -0.5880735855878517
63.95302453900932 -0.5681207801471398
70.15502923930643 -0.5345036834059077
74.67533169320734 -0.5071861539701007
78.98525556883028 -0.48302282945309927
83.50555802273121 -0.45570530001729226
88.6566277726251 -0.424184620282018
94.75384846650844 -0.3863592150975431
98.95906202348577 -0.3569356892459089
104.21521053086634 -0.32541574638831694
109.15612276578686 -0.29389359289767836
113.46641508025088 -0.26447080392372635
118.72271096316793 -0.23084707528335413
123.66362319808842 -0.19932492179271544
127.97406288808894 -0.1677983470359833
131.33827794633174 -0.1436283906198419
135.33326030056753 -0.11525528390423345
139.43346878782643 -0.08477912828352707
143.42845114206216 -0.05640602156791863
148.15957430085047 -0.019622929864964722
151.9442517645764 0.006647864823227878
155.72915029160708 0.036074338185590804
160.14466873909424 0.06760017606464075
164.3498822960716 0.09702370191627485
169.6061781789886 0.13064743055664707
175.282346965243 0.15795685433794965
179.907875552167 0.18737743267885487
185.7943492289312 0.21678916848757313
190.83960334365622 0.23779165618662845
196.30509880055968 0.25773930348356455
201.5605841180262 0.27979221031864543
207.02585851162502 0.2965841789414112
211.6506502208668 0.3154858283684151
217.5360922688759 0.3301710636976717
223.84170197129515 0.34274956573341914
229.09667147438415 0.3574392223287691
234.1413360869634 0.3700265668967034
239.60616835395285 0.3805071781711284
246.54239797682868 0.39518504472356264
253.89864787857834 0.4056523921997075
261.0450350164275 0.4203287849967772
266.92988756229073 0.42659887719491285
273.0250449986638 0.43497128142046426
278.06882535802436 0.43493591129171694
282.06226026912736 0.44121926728813277
286.6861677251505 0.4474982020184552
291.3097804301008 0.4495695651832171
