23.123 -9.5031e-8
35.732 -2.3795e-7
53.354 -4.0604e-7
84.883 -3.4486e-7
98.040 -1.9741e-7
117.68 1.1934e-7
122.43 3.5991e-7
132.24 5.2830e-7
151.99 7.3679e-7
169.12 0.0000010736
173.93 0.0000012580
190.09 0.0000014894
206.36 0.0000017536
215.72 0.0000018755
228.86 0.0000020354
241.62 0.0000021655
252.74 0.0000022759
270.54 0.0000024288
289.34 0.0000025924
311.65 0.0000027249
323.73 0.0000027843
344.28 0.0000030168
371.59 0.0000031521
397.82 0.0000032864
431.19 0.0000034036
468.47 0.0000035334
508.26 0.0000036533
548.08 0.0000037379
587.90 0.0000038180
629.70 0.0000038670
665.67 0.0000039161
707.43 0.0000039995
747.28 0.0000040506
787.14 0.0000040937
827.01 0.0000041291
866.87 0.0000041749
906.74 0.0000042100
946.61 0.0000042410
986.48 0.0000042711
1026.4 0.0000042858
1066.2 0.0000043232
1106.1 0.0000043483
1146.0 0.0000043733
1185.9 0.0000043964
1225.8 0.0000044154
1265.6 0.0000044375
1305.5 0.0000044759
1345.4 0.0000044826
1385.3 0.0000045003
1425.2 0.0000045150
1465.0 0.0000045518
