4 0.2919764879445
5 0.4149536564191
6 0.6047050251184
7 0.8192044187382
8 1.0479163970570
9 1.2955895939797
10 1.5730408468100
11 1.8928026786250
12 2.2677127957917
13 2.7106931560090
14 3.2348538008915
15 3.8536044927027
16 4.5806882753572
17 5.4301306658612
18 6.4161203536369
19 7.5528407685434
20 8.8542702885900
21 10.3339663655555
22 12.0048464681351
23 13.8789765866143
24 15.9673760350045
25 18.2798453654191
26 20.8248223631130
27 23.6092693394837
28 26.6385933273788
29 29.9165993424490
30 33.4454756469900
31 37.2258089512354
32 41.2566267180375
33 45.5354632048066
34 50.0584455456595
35 54.8203960440440
36 59.8149468654252
37 65.0346634752602
38 70.4711734157555
39 76.1152973379637
40 81.9571795732976
41 87.9864159125533
42 94.1921766652009
43 100.5633234344270
44 107.0885184315620
45 113.7563254551130
46 120.5553019837430
47 127.4740820782230
48 134.5014500154890
49 141.6264047570970
50 148.8382155212300
51 156.1264688431010
52 163.4811075701440
53 170.8924623548360
54 178.3512762090130
55 185.8487227194830
56 193.3764185354500
57 200.9264307355600
58 208.4912796452900
59 216.0639376894870
60 223.6378247934720
61 231.2068008404380
62 238.7651556568910
63 246.3075969253740
64 253.8292364493580
65 261.3255750761960
66 268.7924866361810
67 276.2262011388050
68 283.6232874777860
69 290.9806359069780
70 298.2954403642710
71 305.5651809411130
72 312.7876065026720
73 319.9607176657780
74 327.0827501648790
75 334.1521587250830
76 341.1676014656460
77 348.1279249106870
78 355.0321496230200
79 361.8794564770210
80 368.6691736108900
81 375.4007640246140
82 382.0738139014800
83 388.6880215118830
84 395.2431868485640
85 401.7392018382300
86 408.1760412283580
87 414.5537540343430
88 420.8724555884400
89 427.1323201417440
90 433.3335739999300
91 439.4764891689600
92 445.5613774707070
93 451.5885851524280
94 457.5584878847680
95 463.4714862369370
96 469.3280014359050
97 475.1284716337610
98 480.8733483638070
99 486.5630934321490
100 492.1981760574280
101 497.7790702989580
102 503.3062527401500
103 508.7802004498530
104 514.2013890996820
105 519.5702913782570
106 524.8873755125270
107 530.1531040687550
108 535.3679327921460
109 540.5323097232620
110 545.6466743761790
111 550.7114570898470
112 555.7270784398090
113 560.6939488689700
114 565.6124682955770
115 570.4830258438890
116 575.3059997489880
117 580.0817572140650
118 584.8106543940950
119 589.4930364540170
120 594.1292376351670
121 598.7195814323920
122 603.2643807256000
123 607.7639380763680
124 612.2185459457840
125 616.6284869805050
126 620.9940343928660
127 625.3154521989310
128 629.5929956870650
129 633.8269117426940
130 638.0174392476010
131 642.1648094988330
132 646.2692466236960
133 650.3309679637550
134 654.3501845836730
135 658.3271016416390
136 662.2619188033110
137 666.1548307338490
138 670.0060275084410
139 673.8156950342540
140 677.5840154507240
141 681.3111676462410
142 684.9973275390000
143 688.6426686120850
144 692.2473622474950
145 695.8115781123930
146 699.3354846210800
147 702.8192492337630
148 706.2630388540950
149 709.6670202237030
150 713.0313602162210
151 716.3562262178960
152 719.6417864191760
153 722.8882102072920
154 726.0956683730450
155 729.2643334969130
156 732.3943801492400
157 735.4859852959240
158 738.5393283993930
159 741.5545918002600
160 744.5319608979140
161 747.4716243944590
162 750.3737745066520
163 753.2386072123550
164 756.0663223717510
165 758.8571240061970
166 761.6112204212500
167 764.3288243541570
168 767.0101531829790
169 769.6554290566020
170 772.2648789772960
171 774.8387350116980
172 777.3772343481090
173 779.8806194102540
174 782.3491379778820
175 784.7830432604140
176 787.1825940267870
177 789.5480545061710
178 791.8796946928210
179 794.1777902410640
180 796.4426225549430
181 798.6744787759750
182 800.8736519752870
183 803.0404409895670
184 805.1751505437690
185 807.2780912156610
186 809.3495794903220
187 811.3899377250350
188 813.3994941437330
189 815.3785828289190
190 817.3275436809060
191 819.2467224937920
192 821.1364707278120
193 822.9971457218740
194 824.8291104463650
195 826.6327335540380
196 828.4083893839740
197 830.1564578004200
198 831.8773241828110
199 833.5713794181450
200 835.2390197478620
201 836.8806467913650
202 838.4966674316360
203 840.0874937633450
204 841.6535429808840
205 843.1952373935850
206 844.7130042159060
207 846.2072756684870
208 847.6784887281850
209 849.1270850758300
210 850.5535112360900
211 851.9582180677450
212 853.3416611372790
213 854.7043002864110
214 856.0465997495790
215 857.3690279764760
216 858.6720575933450
217 859.9561652623260
218 861.2218316758430
219 862.4695413993730
220 863.6997827880190
221 864.9130479505090
222 866.1098326404530
223 867.2906361232010
224 868.4559612463260
225 869.6063141156070
226 870.7422042335200
227 871.8641443888020
228 872.9726503541950
229 874.0682411759730
230 875.1514387849070
231 876.2227680860860
232 877.2827568538490
233 878.3319356076380
234 879.3708376877960
235 880.3999989346480
236 881.4199579662540
237 882.4312558021370
238 883.4344359858590
239 884.4300444770000
240 885.4186296184910
241 886.4007420601650
242 887.3769346688570
243 888.3477625886430
244 889.3137830957470
245 890.2755556734490
246 891.2336418262380
247 892.1886051394030
248 893.1410112791830
249 894.0914278084990
250 895.0404244007480
251 895.9885725699120
252 896.9364458826090
253 897.8846196496710
254 898.8336713008840
255 899.7841799640610
256 900.7367267685380
257 901.6918947502150
258 902.6502687653480
259 903.6124355844140
260 904.5789838756390
261 905.5505042195820
262 906.5275891749290
263 907.5108331278990
264 908.5008325543090
265 909.4981858327050
266 910.5034933506590
267 911.5173576745380
268 912.5403833274620
269 913.5731770026660
270 914.6163475740530
271 915.6705061736500
272 916.7362661195350
273 917.8142431370270
274 918.9050552683610
275 920.0093231339600
276 921.1276696820720
277 922.2607206614220
278 923.4091043736950
279 924.5734517586950
280 925.7543968819610
281 926.9525764443570
282 928.1686302835480
283 929.4032013231940
284 930.6569357316930
285 931.9304829187010
286 933.2244957127740
287 934.5396305349990
288 935.8765474597850
289 937.2359102696640
290 938.6183866897430
291 940.0246484375030
292 941.4553714852780
293 942.9112359906800
294 944.3929266557850
295 945.9011326749200
296 947.4365481374830
297 948.9998719936770
298 950.5918081982340
299 952.2130659803320
300 953.8643601003940
