23.007879508295886 0.008456679666370537
31.64757884846715 0.02464137555016488
39.05303542575679 0.04539955591728373
45.22424924016484 0.06557704225558803
50.98404880027901 0.08567297044377797
56.74384836039316 0.10668234991324932
62.50364792050733 0.1274307433023545
68.26344748062151 0.14830962973164286
74.02324704073568 0.16944950224129707
79.78304660084986 0.1896759234696701
85.542846160964 0.21055480989895836
90.8912314667843 0.2291935658051042
96.76323491443317 0.24988620307704035
101.55060078258002 0.2633041169810745
107.75921589283296 0.2889811270489723
113.51901545294713 0.3092510459574064
119.2788150130613 0.3291729834253522
125.45002882746932 0.34984525587435045
131.62124264187736 0.3697563189222811
137.38104220199153 0.38906928886937275
143.55225601639955 0.40849644022662457
150.13488408510148 0.42882073123513487
156.7175121538034 0.4488024780131646
163.71155447679917 0.4678580866865618
171.11701105408878 0.488461487808797
178.9338818856723 0.5090445900136703
187.57358122584355 0.5300373612780274
196.62469482030872 0.551874943166418
204.9901179909507 0.565267516376538
213.9040935006512 0.587501750973182
222.95520709511635 0.6041099560873886
232.00632068958146 0.6204690381248821
241.05743428404656 0.6355825047788101
250.10854787851167 0.6495057167328866
259.15966147297684 0.6630690842428218
268.21077506744194 0.6746948278227665
277.26188866190705 0.6866527355049952
286.3130022563722 0.6978632739570846
296.0693974296268 0.7066422261881873
304.0723842333909 0.7140430543833467
313.46634303976754 0.7256820175233806
322.5174566342327 0.734401325208339
331.5685702286978 0.7424563046887291
340.6196838231629 0.7498469559645511
349.6707974176281 0.7552256418208234
