2.5217385522735802 0.0000044222141695362945
2.686079567969201 0.000005372233110875963
2.861130642967169 0.0000064435908236303914
3.04758974891975 0.000007852872112959798
3.2462003441019807 0.000009509509337547651
3.4577543377625077 0.00001144238898124571
3.6830952476603622 0.000013593563908785297
3.9231215633775474 0.000016356558510499968
4.178790328817792 0.000019681152647136454
4.451120958175774 0.00002360606697032915
4.741199300592022 0.000028677329892607907
5.050181969700269 0.00003450621393041774
5.379300955330231 0.0000417856242728302
5.729868535753802 0.000051250540687185575
6.103282510060999 0.00006226063258688003
6.50103177152842 0.00007636336991807454
6.924702244202611 0.00009366053673013138
7.37598320636896 0.00011414508417815793
7.856674026119335 0.0001408963541823194
8.368691335874836 0.00017226054585771873
8.91407667447024 0.00021263187158307017
9.495004627271012 0.0002658354389337275
10.113791496779537 0.00032918566348533906
10.772904538302392 0.00041024182433194785
11.474971797503535 0.0005161731810321786
12.222792589068186 0.0006473891912293644
13.019348658258362 0.0008119615282656163
13.86781606986395 0.0010314482248367453
14.694066028041245 0.0012756198578912491
15.569544285032764 0.0015816249396719783
16.584207252140637 0.00199638592248542
17.572300869726323 0.00248320300389882
18.521563434370044 0.0030769281808167245
19.625085498401607 0.0039011984591372376
20.79435584281563 0.005003414740217999
21.917675077092586 0.006295380795674006
23.2235388140039 0.008074031966916804
24.60720642807745 0.010315643681628657
26.07331350504119 0.012822920805408608
27.772504255845057 0.016031400915297384
29.58243080580461 0.019788552066552532
31.510309776837566 0.024898289892422956
33.56382809614957 0.03053803410573137
35.751173645901865 0.03757492526877664
38.08106791030957 0.045647101187045895
40.56280075034239 0.055100722589171376
43.20626744468314 0.06566885034183041
46.02200814463557 0.07702541853449767
49.021249900297555 0.0883507557798255
52.215951425568804 0.1000563137742898
55.61885078048186 0.1125920541262568
59.24351616097761 0.12589254117941687
63.10439999863672 0.14166522107280693
67.2168965860758 0.15739267445538158
71.59740345777499 0.1737539956121202
76.26338677107738 0.1905961393316162
81.23345094805042 0.20774109305688343
86.52741285588844 0.22427158178014403
92.16638082163189 0.24444578837738778
98.17283879625425 0.2630564165824243
104.57073600369976 0.28218228595070133
111.38558243232437 0.30077352716112454
118.64455054948806 0.32264166961001683
126.37658364485944 0.34389852875000326
134.61251123442403 0.3642245313412883
143.3851719853405 0.3845232243800441
152.72954465177608 0.4111666958304836
162.68288754379506 0.43408153497019475
173.2848870853967 0.461206777321698
184.57781605403997 0.4838136048956243
196.60670213259544 0.5140465455496174
209.4195074457815 0.5375258418104324
223.0673197969417 0.5620775649899297
237.60455636767088 0.5877506986472051
253.08918069249026 0.6145964636864076
269.58293377370336 0.6426684205484334
287.1515802579441 0.6698820952137217
305.8651706559836 0.6938071862223126
320.69643897754696 0.7072154702415564
