0.1187839620548177 1.2590410925113123e-7
0.14801754073193507 1.6617220195913384e-7
0.1843886079023874 2.248215365103491e-7
0.24202303705844927 3.1190457979745237e-7
0.313624042013627 4.2173645609845643e-7
0.39048551075188215 5.94773653732083e-7
0.4739603852476381 7.848945526940816e-7
0.5750535063214189 0.0000010689253089606647
0.6882415359766776 0.0000015171055156136424
0.8135087874642735 0.0000020380656543357335
0.9613988671916173 0.0000027785824145993676
1.1355035222964658 0.000003971479636416864
1.3238417909248288 0.000005601474573794137
1.4857294124560234 0.000007093777825211921
1.6446656971198017 0.000009417951777632598
1.844617120826262 0.000012547016796844926
2.068153104158586 0.00001719094991008682
2.317349679732949 0.00002474402946259026
2.564085628405285 0.00003406517166488384
2.837330659992726 0.0000465834859218414
3.139430717749692 0.0000641316098930198
3.4720921828675655 0.00009161476101686153
3.84080958216328 0.0001286950598400783
4.247612430010249 0.00018446524994253667
4.697304916247385 0.00026529351301375344
5.1298520030777714 0.0003635766975426955
5.599956156879059 0.000514722042368502
6.191780437323679 0.0007502782264124569
6.847300964437275 0.0010790322105908487
7.477305161259471 0.0014870861023794728
8.058411676802802 0.002053930896732447
8.800832810206893 0.0028054068959558654
9.613806042316241 0.003763765399476256
10.500848383577422 0.005089257730668281
11.771669246465226 0.007054045700921466
13.36518209975782 0.010118884884595412
15.184605172556322 0.013755519615280678
17.254027519643504 0.018499131415332475
19.85912958731919 0.025466480957797227
23.15964101303004 0.0351071195630415
27.36345532218046 0.04877329440038641
32.76508433022914 0.06662351055187582
39.239601807942044 0.08979154092468485
47.62835913511283 0.11840834015230478
60.118207349702274 0.15990470212095173
77.91177388803388 0.21444963212447893
100.9590955988178 0.29051429637595844
132.5722727789482 0.3895622708128557
176.43679927873353 0.5109822586851709
234.88661723608288 0.6540652855705371
