2.0143278750197986 10.924197518661257
2.103311660614979 11.301394150308862
2.19622634256375 11.554669837688186
2.293245569874626 11.813621689703863
2.3739378051179107 12.224953529303885
2.457469351124113 12.50242953605194
2.5439401144776035 12.786203557278029
2.656319744686233 13.227692545840101
2.77366379257669 13.524138530948786
2.8961915633991704 13.991107339513007
3.050390532204107 14.470145112737006
3.2127993591831343 14.965584531849856
3.442874178073914 15.652657469756415
3.657665660447829 16.37586157968545
3.8524070167178968 16.936550313993305
4.057516788081776 17.516436319556174
4.273547009472452 18.116176886597845
4.540161892759507 18.953203673001582
4.823410147770944 19.828903842070044
5.080218046913022 20.50782036464952
5.397158924981828 21.204040384293798
5.635580702568046 21.936185019779625
5.935630168886173 22.9561396207212
6.251654862423888 23.74212873072343
6.699348041933717 24.83213454402512
7.241437404773077 26.272640854173172
7.693210834250905 27.164570771948817
8.31572032819327 28.740381161509987
8.988601257209682 30.051436790575472
9.800292747123654 31.78580666177926
10.685281856538811 33.62027287350418
11.853382606048136 35.540691283604005
12.812519612243896 36.29649340797373
14.090816855117318 37.04760260398827
15.363250218212738 36.943948546950445
16.7505872579485 36.40906723532169
18.105990069835464 35.05609658645465
19.741002863885544 32.958084485541015
20.97258991858697 31.379236130744285
22.281012313608567 29.52608140696361
23.46729749104902 27.790153026968845
24.716742838342054 26.15628517098796
26.032711127889858 24.33011882633112
27.65682061437115 22.360100819059117
28.87857235911598 20.804802798759905
30.15429550377696 19.357686398549134
31.75976985515735 18.006181198924597
32.87729815395402 16.758422769953405
34.32966670137907 15.592759789792364
35.84619424349011 14.508176646437555
37.10751120686721 13.502816348237465
38.41321002208877 12.567123614323968
39.764852349570305 11.834893990085153
41.52148151584415 10.882715085555397
45.27096736248782 9.421432733942638
43.3557105182918 10.125747781829398
46.86391300951886 8.768564034195004
48.51290949845206 8.160936599884055
50.21992908545572 7.595415387012262
52.43841568724658 7.067102272041823
54.283561723940764 6.577379530116482
56.19363275602435 6.121592672338127
58.170913293743574 5.697390073727464
61.26804780573322 5.299612563006502
64.53007988666616 4.929606882191498
69.75164318965871 4.370665578809426
74.10325700527153 3.96972247479969
78.04866101780478 3.6493150096327724
82.91790303195584 3.3538287304862804
89.62734892746943 3.044458716921082
96.8797012711534 2.7636261788755254
103.81744534796398 2.5996870069486326
112.21801394777715 2.4447876857741777
120.25416446602242 2.3270187043183026
129.98473869296615 2.240546068643287
141.72266133483936 2.1566824389551824
153.19039621023578 2.1011505198747913
164.1606588141345 2.047622098240988
177.44400316090142 2.018541719561789
193.467607187885 1.9893168996656587
212.769751991414 1.9599659852913005
236.0294572674137 1.9305071602289967
255.12819005462435 1.9256453171797268
