0.06597007979670713 0.0000017709569570941203
0.07689935879132678 0.0000022434181635376558
0.09090544454767917 0.0000031636579234192337
0.10804092976549011 0.000004070678038851116
0.12682378154093304 0.000005580938924343448
0.15072040214342625 0.000007748412023058478
0.17913060609740375 0.000009988573539159082
0.21551719980246112 0.000014778681850497655
0.2602201474618852 0.000020997212513521225
0.3158665614834539 0.000029405185198345978
0.37540312836625866 0.00003828289158108827
0.44068466146569374 0.00004994569487737233
0.5368250352630023 0.00006806896923896353
0.6459007419871161 0.00009497418078818594
0.7675975162890151 0.00013318776363713104
0.8900152088999874 0.00017510597998783353
1.016820021771345 0.0002183000033343372
1.1965549665878388 0.00029637058688204633
1.4981912835819078 0.0003915869806258325
1.8426708108931484 0.0005275672266748399
2.323639922934129 0.0007218011747481512
2.9448636184069965 0.0009079657332197327
3.900794559357194 0.001134663160761068
4.825209371822439 0.0011580513395546572
6.717257406772953 0.001387510449862379
8.770753077809138 0.001408719409446959
11.626257398778899 0.0014188850127809399
15.363847791074726 0.0015632095797857395
19.958978954424442 0.0018847841656932129
27.738676815505407 0.002344092787957589
35.99310920438444 0.003057165499674265
45.066642426454756 0.004025457373583955
56.272782689400096 0.005311994676119502
71.13804934418127 0.0070703637286025
91.92833110788847 0.009179472925189669
123.4524533059412 0.011372538263438661
163.2126604796655 0.013527661181116727
220.75489440307493 0.015842041423694334
293.1113377871166 0.017990961451144476
390.0455287547841 0.020279692729681904
453.1338029658203 0.021231232058315397
