6.965109406197793 2.8332061785635783
7.500556604406285 3.4854035181069407
8.077166645199014 4.308290840650854
8.751954597266346 5.273528869768271
9.541826848422222 6.543792345313785
10.4673915312713 8.175650634090239
11.625357902183282 9.97221549160483
13.07179174016346 12.285548200242712
14.880750430610924 15.245711048657931
17.04492162413027 18.78131456682649
19.284316874769733 22.942128897382577
21.817928267857564 26.541524412675948
24.9910029108163 29.5059325117118
28.62555137320365 33.064076502466605
32.78868776671899 34.982135617666685
37.55728689543378 35.59115534687495
43.01940379503846 34.85148967470887
49.27589972175476 32.78904767558578
56.442304615771356 29.845966046546216
64.65095043070434 26.124520201028478
73.14491916441116 22.266706420532948
82.75484217827236 18.040101580424096
93.62733573547854 14.668507119444303
102.70926068367035 12.074792547291999
112.67213946993382 9.897537628346313
125.13661527129334 7.9823452685549245
138.12484518980258 6.521282102155077
155.31041931400077 5.206836592905071
175.71540697285985 4.000208772432418
197.57802080707742 3.2235516178564008
224.9201392316096 2.569150042612918
257.6312372664299 2.0755491191207494
295.0996502233339 1.6727042052600654
335.9374395203679 1.4079563692577006
382.42662499292055 1.1586240998064812
422.11960311606276 1.045898578798878
