11.943059376636796 0.1296543227277558
16.989417660147964 0.14268094226382133
22.029359534760204 0.16265509221912233
27.065405732540924 0.18684738564324443
32.09870204079354 0.2140171921041818
36.89859983850795 0.24494610877409762
41.23971858007566 0.27471158979444343
45.34983223347223 0.305644641899133
49.68942453173241 0.33706291835056246
54.26023197916936 0.3670861748051142
58.5994601716865 0.39889869603827033
62.710694150446386 0.4286186872761091
66.8223482512175 0.45788378068887914
71.16213660641628 0.48908977148861
75.18927976363867 0.5102776124722506
78.51555317526038 0.5434728064756043
83.0442193840984 0.569333747830775
87.84220371701613 0.6023345173221415
92.41702142001492 0.628015567264671
95.60742797337574 0.6589486193693606
100.1826461563177 0.6841960394370838
104.52373743536432 0.7139912562027051
109.06572136906001 0.7396583244371915
113.82239460490027 0.7699689607875803
118.93086698810654 0.7987263147087328
123.19828487102959 0.8253069201771996
127.90503703010674 0.8485710281423382
133.11723606426685 0.8735363297587102
138.15465720681163 0.8962398666644248
143.190245089671 0.9209284122613495
148.22514550014836 0.9463613361174779
153.26439990237856 0.9670798643319825
158.49732236759561 0.9855652577688757
163.15590530666677 1.0035337218590996
168.28195708430013 1.0228318872841407
173.4239382433668 1.047224590239587
178.46445301163075 1.0665784249788848
183.505426094816 1.08543600754538
188.54662833546192 1.1040454640254738
193.58863262722028 1.121786479203163
198.63075149770893 1.1394034313376522
203.67550567899534 1.1541669334785267
208.72243685615823 1.1665732377985893
213.7692534545907 1.1791036051618526
218.81446595079856 1.1933708551299245
223.85486674656883 1.2128480964942048
227.86698360654182 1.2254101360364862
233.02970886700413 1.2369169832933444
238.07641088670627 1.2495714136998082
243.12276917021754 1.262598033235874
248.16878371753765 1.2759968419015415
253.21674610327355 1.2872865788327985
258.2655105401219 1.2977078744616513
263.3131291896667 1.30936980052251
268.36006036682966 1.3217761048425727
273.40756443764417 1.3335620939466322
278.4575892405262 1.3426186961002777
283.50704114975645 1.3522956134699267
288.7315600415525 1.363921274948927
293.7231494611257 1.3692228341618597
298.65468212441533 1.3821002826578868
303.70828614858783 1.3872813916525033
308.7606025260767 1.3938567329421365
313.811429380071 1.4020448937933778
318.86397491502044 1.4083721089966097
323.9164058712396 1.4148233872430422
328.96803477634626 1.4221431067918793
334.02000741764414 1.4290906372111143
339.07071969290814 1.4374028611055563
344.1233798065879 1.4436060132655875
348.53688538882136 1.4447846121759935
